12.61257092367025,2.753059781992468,-5.265117678938755,2.047869564694096,2.7404068628756106,-3.489559339423865,0.05074478189752098,2.9623146792514885,-2.093968909983488,-1.16655427666951,2.70354355863994,-0.8586628489588306,-1.8619262017796707,2.124970665283145,0.19868133030215462,-2.123940765891862,1.3501284272175667,1.0178675634115448,-2.013295720762537,0.5021171406107724,1.544809097165245,-1.6058242341976765,-0.29930230959454823,1.7540087546214016,-0.9988377261839745,-0.9500250742618849,1.657460210882324,-0.30377404883620107,-1.3740126292738895,1.3044842944679593,0.36680254567926746,-1.5321926912587711,0.7746965826390942,0.9135866269339128,-1.4260635678458256,0.16608175276657766,1.263272783744273,-1.0953914341986324,-0.4195863257429295,1.3774152234310129,-0.6104140411780881,-0.8915584203067831,1.2560006025814547,-0.05983866729017815,-1.1828326994441853,0.9352549847124739,0.4634437998644362,-1.2588734627513627,0.48014343583785335,0.8766930929844539,-1.121094916456658,-0.02715201618100397,1.1195111953756705,-0.80472939437182,-0.5008906173048814,1.1620876406415537,-0.37158595738812417,-0.8653947928290083,1.008356141725836,0.10100989476164023,-1.0665255584133193,0.693745810125986,0.5332421822499479,-1.0792950695217347,0.2780661506903883,0.8556864317481876,-0.9105554462904427,-0.16518493385367738,1.020021542357287,-0.5965104281434062,-0.561273517543393,1.005948043039065,-0.19562394310557946,-0.846400149705072,0.8233398694197663,0.22178508838225686,-0.9776516185539309,0.5094459213845408,0.5854812654991621,-0.9392092709508898,0.1217558655339707,0.8368106847106065,-0.7439350473370757,-0.2721763771878781,0.9379131393340024,-0.4302268270759688,-0.6062047634727281,0.8772258233148014,-0.05480268488575341,-0.826452552780418,0.6704973117226498,0.31728475969623193,-0.8998097322672076,0.35728221902087987,0.6236885268471755,-0.8187468488929669,-0.006375718541101193,0.8150218120529275,-0.6017631398591037,-0.3577608458448351,0.8626649354591407;
2.753059781992468,-2.3529768330673733,-4.018029469592983,2.955547586097397,1.6555798958083816,-3.454814171546585,0.718117132799725,2.5711969570682722,-2.3361295792245578,-0.7416826561928791,2.626643104619109,-1.1346146480970283,-1.628362589764737,2.1940689104123523,-0.034045026940879505,-2.027668090770799,1.4786010680168251,0.8516033708262492,-2.009706734418581,0.6411775336073267,1.4468968611066055,-1.6588596136510112,-0.17759653847411824,1.7162170153782486,-1.0796930791931552,-0.8602334004434421,1.6665248582507475,-0.39028708751880475,-1.321285289239673,1.3451411057294478,0.290455308609379,-1.5149420533177602,0.8318333240783943,0.857229760805377,-1.4381325470154607,0.22633516960214103,1.23129386829602,-1.1279768328899897,-0.3667223776167002,1.369604636019545,-0.6537789157858662,-0.8531106281610865,1.268634400551281,-0.1047607840537868,-1.162200069226066,0.9623282553615303,0.4245599504389912,-1.256107778268406,0.5146316390198499,0.8490965879145417,-1.1335267877379018,0.007868452529483037,1.105797595669421,-0.8278266356276661,-0.47112959967078805,1.162282280047068,-0.3999145654095655,-0.8449389757345444,1.0203249361264382,0.072852072411954,-1.0573547168820425,0.7138388772578452,0.5098332435927168,-1.081335013922556,0.30188091655119154,0.8402148939389142,-0.9219781929548718,-0.1420377290689022,1.0139950880989932,-0.6142463139533572,-0.5425056990778758,1.0091833384417535,-0.21598949563712608,-0.8345642120542839,0.834201918578971,0.2024453709290404,-0.9738883671117587,0.5252745442507138,0.5702325923573702,-0.9432357466495244,0.13939713443310084,0.8277179967905913,-0.7542486038558752,-0.25582262027010716,0.9358275638052237,-0.4444727334094921,-0.5937038863854982,0.8817791282052919,-0.07023401000920347,-0.8194857211641451,0.6802845491103882,0.3033330718888797,-0.8989958924954737,0.3701868682513523,0.6133844709232414,-0.8236469168021604,0.007223129928521758,0.8097378345146057,-0.6110490345310646,-0.3457823015901207,0.8628314191888513;
-5.265117678938755,-4.018029469592983,0.6245663515419451,3.2750318020470095,-1.0652115352944125,-2.529619615772878,2.1102095721519687,1.2203071296026269,-2.625007211856295,0.4267265305196172,2.172378348517647,-1.7741155060075267,-0.8796146732509745,2.2436183253491175,-0.6754342927124486,-1.6579889661437988,1.7737038263413585,0.3471281694121904,-1.9267132948140981,1.01763661443303,1.1224896885550626,-1.7662660710927665,0.17872387553914051,1.566927076851264,-1.291659251993154,-0.5815771099192919,1.6623441770985317,-0.6366667087690921,-1.1456764690373336,1.4443413340988207,0.06203636248843099,-1.4442535498574018,0.9898376727322462,0.6810490125427399,-1.4579137597993104,0.4019748552165448,1.1246038549756405,-1.2138412563525993,-0.20694474612314998,1.3349016269765668,-0.7770813649463137,-0.7325345493547764,1.29685914517415,-0.2374106335784444,-1.0931578932783912,1.0366404897597485,0.3063643368493755,-1.2405192888957408,0.6143429735564535,0.7623808596016143,-1.1646525127591396,0.11211605340057973,1.0596349960674198,-0.8928130638681491,-0.3803332852832029,1.1578617342649924,-0.48271827962910824,-0.7805472820776855,1.0520725279364946,-0.011426416407988575,-1.0261584340331515,0.7713020801916634,0.4382278533977213,-1.0838673751691148,0.3720253688332694,0.7914141304138216,-0.9533277508109584,-0.07248175680042516,0.9931235166951743,-0.665549825163902,-0.48497612689004393,1.0162317510804488,-0.27631227282825405,-0.79713496095884,0.8646775099039176,0.14415486446374517,-0.9604273984671411,0.571443962340334,0.523404077831651,-0.9532963022806199,0.19187473736776878,0.7988663168683912,-0.7836286230865191,-0.20641264044077362,0.9278480261780917,-0.4862882151551455,-0.5552464058260804,0.8938748815368323,-0.11629263452400984,-0.7972783373431863,0.7084729885678075,0.26109537750737666,-0.895165083771416,0.4082515030768212,0.5816285563918631,-0.8371164716579536,0.047923157898216696,0.7927879242873931,-0.6380141284589617,-0.3094544542393896,0.8621958621216799;
2.047869564694096,2.955547586097397,3.2750318020470095,0.03843868259841576,-2.7442325961020897,0.08209739559551273,2.496353429908138,-0.898586762040455,-1.9736589645276597,1.7695750165687136,0.9593449755783524,-2.1980975731802634,0.3481560955809871,1.8804359872982828,-1.4810420170206775,-0.8633557301398078,1.9640055843643272,-0.45036743487337183,-1.5822246835106566,1.4852065037937316,0.5183503089716159,-1.7782701620319548,0.7179157204806561,1.2176762603137872,-1.5356148244381629,-0.10540325384305536,1.5571093938235183,-0.9925129478679297,-0.8067510169526123,1.5327058223450665,-0.3064913113694967,-1.2689720752309255,1.2040293154803388,0.3712058359874126,-1.4374000994519833,0.6723330312220773,0.915497041386872,-1.3159365300522634,0.058598719760734275,1.2414905552635545,-0.9573339598088729,-0.5175743321224298,1.3117582858000418,-0.44859011732475096,-0.9563039517381434,1.1364130823044267,0.10668899781108365,-1.191009520776341,0.7664201011121704,0.6065370630108711,-1.1957923162379573,0.28148976573329504,0.9669561585649012,-0.9860100741011983,-0.22536722054238834,1.1341174440312598,-0.6124231984442988,-0.6641324046397765,1.0908998097836093,-0.15021025894988543,-0.9624082601668167,0.8571355017773036,0.31514421684836913,-1.0762358426421401,0.48390951650601866,0.7027069548552176,-0.9956370433214023,0.043153854789567334,0.9493146081670938,-0.7443025236756532,-0.38555092670435315,1.0191387720285772,-0.3737895490042615,-0.7287056622047436,0.9082514394703047,0.046555490125542935,-0.9309120714564915,0.6437004197559038,0.44210852180895877,-0.9633126879775284,0.2775046879752164,0.7457615012120533,-0.8272381262518396,-0.12321939345886222,0.9088917471365111,-0.5526741373750782,-0.4882131388462638,0.9087820544533486,-0.19201836783930265,-0.7560564287087849,0.7514130830531962,0.18965272189630827,-0.8841937593238928,0.46934779666238113,0.5260604089045854,-0.8554190142130986,0.11524395203605652,0.7609741852108344,-0.6798722214755109,-0.24776827467713733,0.8573730677874141;
2.7404068628756106,1.6555798958083816,-1.0652115352944125,-2.7442325961020897,-0.5789014221343851,2.3017415721956063,0.5675152004147879,-2.2185464683608456,-0.00021457599543524763,2.1063209103578853,-0.8150484479535931,-1.6572016471966318,1.5718193635962951,0.7867687145093477,-1.9313366471721385,0.32594127471688067,1.667879631569958,-1.3067954794172187,-0.8094647796678749,1.762484023184568,-0.3335976364364727,-1.4871610453139494,1.2884360842192022,0.5912836439557577,-1.6388476811504318,0.5242194180198152,1.2344857472302413,-1.3466936507434881,-0.2776624378760205,1.4985600733335813,-0.7653097914505966,-0.9260598052484477,1.3900143829890086,-0.07087797491203497,-1.3043329672526527,0.9878697273857135,0.5740928542241059,-1.370692705601908,0.41318790848494197,1.0446366795925082,-1.1492773751937966,-0.1994526830252003,1.2670510756211462,-0.7143353909377678,-0.7267590639330284,1.2229895674818079,-0.17006450396252232,-1.0758285593646102,0.944825171454546,0.3709957152798477,-1.1959872887523386,0.5039410010146254,0.8080527776930557,-1.0826227627672993,-0.005670785352600032,1.0680002732395508,-0.7733033827395409,-0.48566467791682444,1.115287427102777,-0.33749639671311144,-0.8505492529473908,0.9547773610688687,0.13798453947595574,-1.0412919532607288,0.6277375858018253,0.5651865808256967,-1.0334746178171876,0.20212712020622714,0.8701868502195523,-0.8391043261320876,-0.2408558240338377,1.0048628786531029,-0.5022253122691612,-0.6215402672318099,0.9535810884379671,-0.0894450493281586,-0.8753740760480003,0.7340252803349775,0.3227664303838368,-0.963180898573459,0.3923700485790224,0.661728373598272,-0.8765771660282988,-0.006092813554475459,0.8708420356990191,-0.637907645799435,-0.38908328809744186,0.9185513942619883,-0.2949851553256274,-0.6900619780847898,0.80263957300121,0.08824031146071391,-0.8594047812960812,0.5493577416488112,0.4433373167253653,-0.8722216752961153,0.20775952679831006,0.7093184633142072,-0.7316506073510228,-0.15960650428514664,0.8428208234364332;
-3.489559339423865,-3.454814171546585,-2.529619615772878,0.08209739559551273,2.3017415721956063,0.9884291997021062,-1.870401580962092,-1.0227185384039894,1.8371699992709511,0.6489447543996335,-1.9230485940023965,-0.006301935216095367,1.8536030611537382,-0.7668695634005113,-1.4420467058485564,1.439210126355909,0.6602296519939463,-1.7443693930886424,0.3238379198550267,1.5054619842769683,-1.192691666064123,-0.7479592040314414,1.6120464278592348,-0.27118030399458715,-1.3952323987219113,1.1507479387424264,0.6159917453980099,-1.5195998027969109,0.3975351096088358,1.2164434599511202,-1.1980868138922849,-0.3813312841625622,1.4256865402431467,-0.5964442447309222,-0.9840797451692297,1.2575485945638485,0.09456950510529637,-1.2943393780615045,0.806632318954629,0.703623235923228,-1.2813090482698377,0.21010118876465608,1.1068309251143171,-0.9864879375991109,-0.38704856364249507,1.2413025863596034,-0.5021311164855963,-0.8602084307355818,1.1061080262375302,0.05411549342572145,-1.124720974109495,0.7530235371837326,0.5643405490816874,-1.145680342910603,0.2700645994711919,0.9317524088258317,-0.9380652767748547,-0.23873507116400133,1.095690850399803,-0.558494009250513,-0.6737466086396828,1.0387673223771887,-0.09088820833911516,-0.957165274671184,0.7859005057950847,0.3710224485277891,-1.044971140889293,0.396231090367781,0.7412263411304028,-0.9320230580054149,-0.05010523773452413,0.9561262094543773,-0.6500590982636695,-0.46773255985409634,0.9842218323458849,-0.2595120901411781,-0.7815070744365199,0.829559933984116,0.16303048826731753,-0.939148019054244,0.5288238595128749,0.5393172093729329,-0.9191052339093995,0.14297911708046204,0.8033096128856123,-0.7326453518839282,-0.25477438366043614,0.9121416947965095,-0.4201533270455866,-0.5924879184513191,0.852476492715946,-0.04260462002512706,-0.8120212921371555,0.6414333168734027,0.33008508627513844,-0.8785879056621593,0.3222090301912698,0.631692720971897,-0.7858139486976453,-0.044600816568425974,0.8111043484209014;
0.05074478189752098,0.718117132799725,2.1102095721519687,2.496353429908138,0.5675152004147879,-1.870401580962092,-1.293059743927142,1.4364726605937144,1.3336513600203443,-1.4064031033609088,-1.0975220062027446,1.5740905161428584,0.6395624831488104,-1.726475218558834,0.009385534515130358,1.6709396228872702,-0.7368460800561225,-1.2816043357551898,1.3427263217122678,0.5610454453774297,-1.603553366036755,0.3302363551432302,1.3758955709737983,-1.1126968202597478,-0.6874659837038231,1.4954534197750944,-0.23828851257557643,-1.311678182853772,1.0515553576052736,0.6158737161055897,-1.4199038386389802,0.313742110519029,1.1833038996951197,-1.0822032976966875,-0.4424806050927866,1.3525502450788054,-0.4715501521159893,-1.0066615989782361,1.1422349723858745,0.2099364664771848,-1.2623151032627602,0.659306596223015,0.7838910115154787,-1.1877982737500699,0.054031645629324145,1.1279210726499582,-0.8393674113815197,-0.5205376778127113,1.189176968004689,-0.3243398561637454,-0.9399851797694498,0.9823490415844462,0.22912399286993726,-1.1283666604223297,0.5759822211525033,0.7002867459910066,-1.0658283280883198,0.0715411282434733,0.9981051646578877,-0.7850162259060351,-0.4202005863457344,1.0749417052434942,-0.3586358764727714,-0.8012167428091274,0.9307412737515797,0.11855055421922407,-1.0033147931098534,0.6082363479225013,0.5495963143355934,-0.9980151947012615,0.18104643634821838,0.853563876919036,-0.7983639297387327,-0.26255440178877243,0.9791394635925642,-0.453190253375888,-0.6370174765343459,0.9117903654113659,-0.03549306297165656,-0.8749748235896712,0.6738113137204288,0.3725501028414531,-0.9382811909846206,0.31783316432439973,0.6951059789020883,-0.8230866516801593,-0.08459194187875722,0.8760262936844054,-0.5584978743824058,-0.4570105301815049,0.8878542234473749,-0.19949382642275057,-0.7320970064111385,0.7352206628939583,0.18431339049375198,-0.863263879832237,0.4523847376443013,0.5218779625007167,-0.8319839507367884,0.095681437141258,0.7534822529242172;
2.9623146792514885,2.5711969570682722,1.2203071296026269,-0.898586762040455,-2.2185464683608456,-1.0227185384039894,1.4364726605937144,1.4996638146522407,-1.0018422029917662,-1.5230333776515217,0.9572362332308797,1.379118448244373,-1.14341416418805,-1.081992855578382,1.405211392953939,0.6037796442704767,-1.583513166382846,0.03242999691977214,1.5299595678041331,-0.7172734609586301,-1.1547833342053093,1.268603714173893,0.4796914973944373,-1.4921235554483754,0.3405461975544658,1.2689491403009105,-1.0537372899833453,-0.6304451734939768,1.4020885146451088,-0.22248144106648338,-1.2368901699579307,0.9781877410901385,0.602519518158666,-1.3365980549498429,0.25810839922759315,1.1442618971431675,-0.9916073830813347,-0.4767228020105629,1.2844986796475375,-0.3791378156675166,-1.008696062612795,1.044622384081738,0.2898818197931057,-1.2207867584925403,0.5412416228786989,0.8313720390891876,-1.09881858949384,-0.06470098381034983,1.1245037177747195,-0.7114975309466864,-0.6138501274950484,1.1254971529354678,-0.1787394123320733,-0.9828833901621215,0.8628826414574321,0.3630588924047945,-1.104525606752382,0.419621460430569,0.7921147096986356,-0.9729481402299209,-0.09200003502822977,1.0241165694184182,-0.6365183007036801,-0.5569914003803373,1.024391815984009,-0.1813767661030695,-0.8809149528034688,0.8090068171997187,0.2898572428983809,-1.0062280097265381,0.4362230931007613,0.6798382194577708,-0.9197887512267993,-0.008919050076374165,0.9148237675090893,-0.6512987257164147,-0.43335112119559344,0.9567495725324016,-0.26397986124486844,-0.7543868881222177,0.8075840027303838,0.1600627285338763,-0.9145726467776409,0.5059489810704833,0.5366956599890018,-0.890680338402638,0.11730576563213319,0.7956500056594132,-0.6957555296312242,-0.2800154700391889,0.8927159126304379,-0.3744138655212471,-0.6101424026117034,0.8163618788171353,0.00727611182137583,-0.8135298618510978,0.5880051706303866,0.37515321720538913,-0.8570157397928923,0.2563115053514771,0.6609887952699343;
-2.093968909983488,-2.3361295792245578,-2.625007211856295,-1.9736589645276597,-0.00021457599543524763,1.8371699992709511,1.3336513600203443,-1.0018422029917662,-1.613100991869098,0.5755688324632636,1.6048187417170399,-0.512783624228627,-1.517998692332855,0.68437539549266,1.3476630076911023,-0.9812990686638119,-1.0391003794687363,1.2879242518181055,0.5601174997639569,-1.4734065085109456,0.057805742671284376,1.4161761140853912,-0.7041854982699332,-1.0504046144332024,1.2093598350396764,0.41075534009554415,-1.4006915333428847,0.35268429122284267,1.1782648487575422,-1.0085784934342632,-0.5773849435073284,1.3252374610970206,-0.21704521609224262,-1.1699534952470414,0.9226816176550063,0.5819852375814281,-1.2664619609160468,0.22146476903553097,1.1036654053886035,-0.9203204770797392,-0.4935603030436105,1.223163027551043,-0.3107039830361076,-0.9988348383680202,0.9630139062913358,0.34469199731221645,-1.1763783081440198,0.4472553468500999,0.8570621730739647,-1.0179553477421588,-0.15446826500342375,1.107003680394594,-0.6026997594654326,-0.6778014662444857,1.058759950363784,-0.06107132538467945,-1.0009998616459275,0.7530135181955848,0.46405698673630497,-1.0650946540240689,0.2850827052410171,0.8510680434908203,-0.8771124990089024,-0.22406489374168123,1.0228319438907159,-0.49928720400218374,-0.6571156174306731,0.9571860679447446,-0.028888498519664168,-0.9245232248458229,0.684933905205199,0.42601653315950944,-0.979807696261929,0.2776901537219579,0.7697715759007722,-0.8245082584493033,-0.17074055765201432,0.9371713999589786,-0.503260896169347,-0.5651842535639026,0.9036656286344741,-0.09111258849061855,-0.8280307634435607,0.6867571641947681,0.32372827313551883,-0.9130138062609114,0.33927541607838363,0.6580736469759954,-0.8118359474804268,-0.06344636762490329,0.8494571579906578,-0.5530974548955966,-0.43959269794891603,0.866711597941018,-0.1943937474058596,-0.7168955892892233,0.7139221307561041,0.19042622974173679,-0.8457569466181235,0.4275509804194875,0.5261592037065969;
-1.16655427666951,-0.7416826561928791,0.4267265305196172,1.7695750165687136,2.1063209103578853,0.6489447543996335,-1.4064031033609088,-1.5230333776515217,0.5755688324632636,1.638395430895715,-0.1695536364233838,-1.5905973698557914,0.09226568760639411,1.5345864954921908,-0.23420343142373526,-1.456878853211287,0.5202792976257189,1.2947862037579685,-0.8752680891748233,-0.9882436838280934,1.2018731517680183,0.5150003270098057,-1.3850537720418552,0.08351556598520146,1.321278768046611,-0.6953326983248976,-0.9619018228677971,1.1605361612405902,0.3509062831063343,-1.3235458890026326,0.3656117284100286,1.0996935932419385,-0.9729059649787556,-0.5281235335342558,1.2604949261881246,-0.21812882650427134,-1.1097161595086666,0.8798748424017045,0.5575786622505982,-1.2067920870428763,0.19794784436571977,1.063558551136587,-0.8638038722722015,-0.49891043316974637,1.1686201280464934,-0.26009876087434236,-0.9821689168434583,0.895129721801449,0.3815139295705904,-1.1325043268769497,0.37269303191376996,0.8682539657424315,-0.9462660001101402,-0.22196109139700002,1.0818898860618362,-0.5112539322620958,-0.7204483438726762,0.9936372334091105,0.03324112126189324,-1.0028029571375432,0.6547723608239161,0.5392258026651874,-1.0178111382326263,0.17118910766216405,0.8860384248833357,-0.7841452835350011,-0.32919104571000396,1.0038138841495023,-0.37619834723793066,-0.7281246676610909,0.8822093277971534,0.09959690471185495,-0.9417498027373977,0.5653399638102787,0.5316353534315701,-0.9346326445433457,0.1361844458276358,0.8274483077919093,-0.7220749164340944,-0.3049366258036665,0.9311240843061904,-0.36189607593762435,-0.6628510643238825,0.8314118736844517,0.06136848641350341,-0.866567251889502,0.5601040838609251,0.4559336202948259,-0.8816268619902308,0.1821061211452489,0.7417963881335317,-0.7141565840810945,-0.22005537392666308,0.8657831398221805,-0.40668388391107163,-0.5638253773182754,0.8101607238083436,-0.027268917062399155,-0.7828228934660423,0.59377009408283,0.34543310536292676;
2.70354355863994,2.626643104619109,2.172378348517647,0.9593449755783524,-0.8150484479535931,-1.9230485940023965,-1.0975220062027446,0.9572362332308797,1.6048187417170399,-0.1695536364233838,-1.5822018448287865,-0.20361512409099045,1.4921578198620244,0.2879925341022141,-1.4480960112831465,-0.17982156973251623,1.4327440742381825,-0.06962640642831391,-1.3855930984568092,0.4177067314722851,1.2376156010844055,-0.8029591591535169,-0.9363081877920257,1.1360894735933764,0.4708297066776244,-1.3119062499643164,0.10871722268060306,1.2401064912713105,-0.6893448623200513,-0.8851265233044527,1.1192930785119108,0.2979676055639473,-1.256990985854883,0.37877474808620387,1.0304106226608003,-0.9439913247870249,-0.48230446485175354,1.2048659784021336,-0.22341063757829052,-1.0551066544456098,0.8463146980084836,0.5311702302228579,-1.155446320527017,0.18370207951448556,1.0248589702605277,-0.8186664754277376,-0.49654679545721403,1.120338499770217,-0.22288506636618027,-0.9617295725721354,0.8387427490785576,0.4053260259522391,-1.0908342351681952,0.3136880003639053,0.8697921127306125,-0.8835994015435049,-0.27234776423251617,1.0531375143227812,-0.43495974726391723,-0.7476782887203139,0.932536019466199,0.10839411960775805,-0.9941271944128628,0.5684411585993039,0.5943897541765495,-0.9675816803609597,0.07579164620803017,0.9038025119246786,-0.6971720199511678,-0.4119210982966898,0.9738686307711222,-0.267912428274014,-0.7765251948930396,0.8052479839208188,0.20625390239057695,-0.9402601208784673,0.4539795949544489,0.6116720240944317,-0.8784357402350819,0.012635821908770047,0.8600929095323611,-0.6190665683991471,-0.4138115768459836,0.9052240134565488,-0.23147125864339865,-0.7318021575510418,0.7485871046150436,0.19238862249938074,-0.8779719356103155,0.4348935194606312,0.5592234902872757,-0.8298136794907753,0.039095705948894534,0.7938850350365619,-0.607040871051629,-0.35143121569226127,0.8533870405515342,-0.26436845480583615,-0.6556123523083178,0.7333045949905905,0.12204861468874936;
-0.8586628489588306,-1.1346146480970283,-1.7741155060075267,-2.1980975731802634,-1.6572016471966318,-0.006301935216095367,1.5740905161428584,1.379118448244373,-0.512783624228627,-1.5905973698557914,-0.20361512409099045,1.4532725060445786,0.5320257263729397,-1.3224414598000682,-0.6145091369953855,1.2777210143348636,0.5376312529036605,-1.2998094393804611,-0.33652434810063153,1.3350980454567443,0.029872288467226983,-1.3172251126620778,0.3521839173728774,1.1818801123332818,-0.7521538341924208,-0.8858495882824614,1.0841413535475535,0.4284838040738707,-1.2498239738648054,0.13305650695134702,1.169261770762842,-0.6853402955434728,-0.8173107093411549,1.0837278913204258,0.25044850703381477,-1.1985186216633352,0.3918639822168217,0.9684231882676211,-0.9200263630351827,-0.43953982754861803,1.1562489102958575,-0.2314325994142599,-1.0052113105741056,0.8196239071383294,0.5038448869101115,-1.1107569809204187,0.1761245604420105,0.9879238886540347,-0.7823745706631042,-0.48893092215584993,1.077593169247453,-0.19584127671372742,-0.9393365809769765,0.7918912767420451,0.419624569574261,-1.0520902492653321,0.2671341527517369,0.8649113405691271,-0.8292715407817812,-0.3095629762697701,1.0231590923857208,-0.37161841798583717,-0.7637586148346255,0.8765452629660029,0.1679786259995127,-0.9789523911590015,0.4934248630850417,0.6341661388750172,-0.9174322567751919,-0.0035289945443290204,0.9094142806902104,-0.6176547755686328,-0.47635736406658946,0.9377359344678243,-0.17388941425804497,-0.8076569557759335,0.7299217000688786,0.2937847892568614,-0.9259131089042638,0.352628147190127,0.6708023815734584,-0.8166939746950188,-0.09352453406238216,0.8738029067599336,-0.5196327644806961,-0.5004339428749106,0.8661287342407608,-0.11398388701541928,-0.7773471381803441,0.6613559263861549,0.3026439270809463,-0.8691222835317014,0.31572072197466117,0.6371180265519405,-0.7650084316431376,-0.0876396676876576,0.82033812706566,-0.4972773581319459,-0.45850123831154005,0.819939811988853,-0.13109671549898294;
-1.8619262017796707,-1.628362589764737,-0.8796146732509745,0.3481560955809871,1.5718193635962951,1.8536030611537382,0.6395624831488104,-1.14341416418805,-1.517998692332855,0.09226568760639411,1.4921578198620244,0.5320257263729397,-1.2624836979784808,-0.8053877462673315,1.095737675174661,0.8768652080496286,-1.0429962322456086,-0.8251048128790905,1.083284446092525,0.67454023231049,-1.171398711562118,-0.4275951607959389,1.2498624138263634,0.09023031231787366,-1.2552035585620933,0.31011928552794293,1.129405931083886,-0.7156929123991802,-0.837756404480324,1.042010882117832,0.3882203838169794,-1.1960495410880132,0.15639897618727733,1.1064053058780123,-0.6827264249865209,-0.7565271568061166,1.0525136301991491,0.20728902150446696,-1.1463605776779628,0.4047010005783271,0.9122829029123678,-0.8997660139756644,-0.399467511745985,1.11312744276208,-0.24124742807433955,-0.9592750967469141,0.7981225219956666,0.47624236430230826,-1.071428479221101,0.17341529601469896,0.9528312302990495,-0.7530221411634092,-0.4777019670417522,1.0396439382335478,-0.17660448816809524,-0.9160852715581478,0.7529217919559766,0.42689107347609745,-1.0164853394280846,0.2305716049249438,0.8557843553388941,-0.7824063045256388,-0.3365881836444966,0.9933894776383386,-0.3192304079582464,-0.771774765927779,0.8260025308230341,0.21496294795494192,-0.9599721505838201,0.42873743405047715,0.6621498258819252,-0.869158999869734,-0.06911901428838631,0.9065921807208085,-0.5460605313753124,-0.5260141574355156,0.8986540632606516,-0.09299902910362687,-0.8257763010339964,0.658376283840341,0.36494452209023304,-0.9030863640119101,0.2618303403283326,0.7131489937975987,-0.7531760155011554,-0.18364699366473936,0.8735325895660327,-0.4262144656243318,-0.5680431514571114,0.818871280877358,-0.009975655310876822,-0.8042701494279726,0.573972535269286,0.39379154738000754,-0.8456870891107975,0.20524540422884133,0.6934134840050296,-0.6928746041390044,-0.1976531899987506,0.8266434025430326,-0.38954334783902816;
2.124970665283145,2.1940689104123523,2.2436183253491175,1.8804359872982828,0.7867687145093477,-0.7668695634005113,-1.726475218558834,-1.081992855578382,0.68437539549266,1.5345864954921908,0.2879925341022141,-1.3224414598000682,-0.8053877462673315,1.0225747951546444,1.0157087855209328,-0.8274708951304679,-1.0679488176464753,0.7636774270750102,1.033424696881425,-0.8083531234831537,-0.9294937179455252,0.9244341950538634,0.7484967819974203,-1.065858482683169,-0.4796575226887688,1.1775479181410011,0.1259878841009141,-1.1998874244029851,0.28351001126826214,1.0805826946532264,-0.6891432879309248,-0.7922381699675937,1.0070608964348442,0.3500376466105413,-1.1486695665129385,0.17871247956030337,1.049867794236993,-0.6810906982697703,-0.7013874769522391,1.0246943956820602,0.16771214353419725,-1.0992311466722493,0.41718095260863935,0.8609101855602957,-0.8823253919391665,-0.3617682218247682,1.07438106548785,-0.25222195088369054,-0.9166806520542674,0.7805956299651338,0.4487424317101531,-1.0364497124142986,0.17430229059741878,0.9195227319630668,-0.7291614479516845,-0.4639718242038281,1.0058069934300964,-0.16342137134355617,-0.8926313754308802,0.7204681432393548,0.4289070629910962,-0.9839653051970977,0.2020612579092444,0.8438786441977979,-0.7421024225579085,-0.3556837542673733,0.964652212668749,-0.27605797818751554,-0.7739589528770882,0.7808303385667293,0.25175632437153617,-0.9389948210568215,0.37326532919893984,0.6811123559023938,-0.8237638595665357,-0.12310136489102139,0.8980469938834181,-0.4822834201555636,-0.563812876807566,0.8587916446248103,-0.023876137763635518,-0.8342136223061927,0.5917773954059409,0.422304048311116,-0.8749936628617175,0.18139982672181404,0.7422057836133519,-0.6903955243955342,-0.25942189869403603,0.863204776810395,-0.34008740218633143,-0.6197293876637261,0.7671621861767879,0.08089756770580499,-0.8166850099607721,0.4892499643092361,0.46792733573546985,-0.8121919802665366,0.10477926015581303,0.7317826959142767,-0.6175898439329593;
0.19868133030215462,-0.034045026940879505,-0.6754342927124486,-1.4810420170206775,-1.9313366471721385,-1.4420467058485564,0.009385534515130358,1.405211392953939,1.3476630076911023,-0.23420343142373526,-1.4480960112831465,-0.6145091369953855,1.095737675174661,1.0157087855209328,-0.7477010142306021,-1.1577585837187683,0.5337554917604459,1.1841177879829958,-0.4593439872100618,-1.1586580354816096,0.4994787776669414,1.0938969706704675,-0.6241180327301706,-0.9766755271287564,0.7988126057871943,0.7860714412283049,-0.9805092365047718,-0.5076243068904138,1.1166109333390601,0.14571675022206887,-1.1506809293769655,0.26741066256589396,1.035265939441515,-0.6696343154645288,-0.7492254847025082,0.9774901669160635,0.3138282833821809,-1.1063116271211466,0.20001254249071437,0.9984228036360306,-0.6801374136356908,-0.6508631232774716,0.9995629580176576,0.1311336767802572,-1.0561711930606579,0.42924190006435,0.8134829235823237,-0.8670586478709572,-0.3261671769704472,1.0391642897198925,-0.26392267492332194,-0.8769239587141547,0.7661464543917099,0.421569438443983,-1.0050257058653258,0.17786901947729736,0.8878779910784936,-0.7096810029393226,-0.4485071920219236,0.9754784682158202,-0.15497520205149096,-0.8693606882833497,0.6934110689772913,0.4269663244129043,-0.954343107981908,0.1800737933380874,0.8301895958074492,-0.7075105510476903,-0.3685692676320036,0.9373893318384029,-0.24062634386602821,-0.7719294406992194,0.7407342852126227,0.2802959775074673,-0.9172216393678899,0.3259044991043638,0.6931797906200682,-0.7817424563500729,-0.1673262362465918,0.8857409504284758,-0.4259067795800652,-0.592138537678113,0.8195655829507423,0.03488060473036886,-0.8355425216111854,0.5306530564338757,0.46814940722658055,-0.8439584117692389,0.11074361521747367,0.7608602654717307,-0.629964522576533,-0.3226192216259656,0.8458674290813613,-0.26175627893473385,-0.6582801968566236,0.713673825269873,0.15948065572480366,-0.8180215371693054,0.40894616083643465,0.527264625950242,-0.7721618165166358;
-2.123940765891862,-2.027668090770799,-1.6579889661437988,-0.8633557301398078,0.32594127471688067,1.439210126355909,1.6709396228872702,0.6037796442704767,-0.9812990686638119,-1.456878853211287,-0.17982156973251623,1.2777210143348636,0.8768652080496286,-0.8274708951304679,-1.1577585837187683,0.45286517366703116,1.2293425199927284,-0.2308220270720887,-1.225234420351293,0.1488536782071344,1.201374715572063,-0.17969583774169423,-1.1666790134513705,0.29892366846530755,1.1056447093356383,-0.4825666996287813,-0.9924728051087633,0.7004725427259098,0.8019769725347472,-0.9117157339064196,-0.5202208750678189,1.0651637802653833,0.15469268840511569,-1.1067571813494659,0.25863982620828546,0.9931293481823498,-0.6552371398609278,-0.7085412344326658,0.9520274091141091,0.27944786215758255,-1.067964045449369,0.22033591831014154,0.9511471939893429,-0.6796493993820659,-0.6041741801490178,0.9765842330730347,0.0971049231248197,-1.0164496183943774,0.4408476609030235,0.7693634609471041,-0.8534836288759539,-0.2924303211011354,1.0068274559483192,-0.27604669660705544,-0.8395924279148614,0.754100918873022,0.3948531421490237,-0.9765260364813336,0.18344345444907728,0.8577529839742221,-0.6937181400737977,-0.43184442976750825,0.9481368669677185,-0.15026536226893575,-0.8464918637546411,0.670835701479719,0.42201899690611394,-0.9273732769479011,0.16339904617447673,0.8153939007604815,-0.6778643414888795,-0.3765595101800977,0.9118060269998335,-0.21169952546689427,-0.7668624716852349,0.7053186043675109,0.3021330550153807,-0.8954382120070372,0.2856265271369431,0.6999794624756388,-0.7432727446848499,-0.2033713249780761,0.8710852371916148,-0.37636291737572775,-0.6129167495553599,0.781870023237278,0.08460421408862696,-0.8317342030702085,0.47512689926619533,0.5044548573235194,-0.811634786463807,0.04906752056202577,0.7714587020411293,-0.5728590468371788,-0.37494366337860646,0.8238535719739928,-0.1912328274290361,-0.6861244931058913,0.6602840079908271,0.22686722443943247,-0.8110773276104549;
1.3501284272175667,1.4786010680168251,1.7737038263413585,1.9640055843643272,1.667879631569958,0.6602296519939463,-0.7368460800561225,-1.583513166382846,-1.0391003794687363,0.5202792976257189,1.4327440742381825,0.5376312529036605,-1.0429962322456086,-1.0679488176464753,0.5337554917604459,1.2293425199927284,-0.15328054071909847,-1.2313953995368074,-0.06561396707862181,1.194553832991404,0.150260669367748,-1.166212627608458,-0.13007734241161747,1.1522472594517257,0.02523158140542738,-1.1368007762739316,0.14901321132087259,1.093061201000819,-0.374524488502029,-0.9908631791107695,0.6236594134770592,0.804661830336873,-0.8561692557563532,-0.522752054235281,1.021479329840698,0.1562840050498844,-1.067306496964632,0.25508051495980544,0.9538061224753908,-0.6446148677426238,-0.6699759882891254,0.9297503848488802,0.24674554199453586,-1.032863782242861,0.23972747691095617,0.907331790166702,-0.679463840773295,-0.5607175142106468,0.9553456318745627,0.06527493835105087,-0.9794988392297157,0.4519778503813956,0.7280493011809797,-0.841233349891902,-0.26035897948549674,0.9768633902254724,-0.28837863472851316,-0.804346742097761,0.7439440960685747,0.36866502819126173,-0.9504463395856609,0.1905250266633461,0.8289999123445178,-0.6805961743959126,-0.4143635420689752,0.9233368145704796,-0.1485227263969265,-0.824139647839444,0.6519934328866672,0.41477033508872035,-0.9027926638535949,0.1510746665616953,0.7999513895800431,-0.6524884546614576,-0.38066571721288667,0.8879620617247114,-0.18824811799022265,-0.7596151794442603,0.6741524588937278,0.31850826627132545,-0.8741459788952208,0.25150581824890844,0.702756304391347,-0.7083379380861206,-0.232564591667638,0.8550875422010624,-0.3330283970468898,-0.6276916334705926,0.7462390353026456,0.12651006948743596,-0.8242881661431767,0.42507472187132117,0.5328939485550187,-0.7791802219919461,-0.0044973030886207264,0.7758849618950614,-0.5196141765201501,-0.4179611935701751,0.7989259672083994,-0.12822760597668464,-0.705330487796625;
1.0178675634115448,0.8516033708262492,0.3471281694121904,-0.45036743487337183,-1.3067954794172187,-1.7443693930886424,-1.2816043357551898,0.03242999691977214,1.2879242518181055,1.2947862037579685,-0.06962640642831391,-1.2998094393804611,-0.8251048128790905,0.7636774270750102,1.1841177879829958,-0.2308220270720887,-1.2313953995368074,-0.13629014206563597,1.1679052542294546,0.340985989186452,-1.098464455824246,-0.42238609054567045,1.061353328757564,0.41166302311151676,-1.0595536263313745,-0.3258635429067315,1.0779518454489936,0.17349198099624077,-1.0913013049561466,0.037479342744940254,1.0688849607513473,-0.2921934494461086,-0.9796159208317325,0.5636445074238878,0.7991365516655167,-0.8111540017928848,-0.5185515914940518,0.9841078137691485,0.15270942750619323,-1.0316132866936423,0.25528292178603185,0.9169447310509549,-0.636816091610139,-0.6333211179549404,0.9099742923899816,0.2155775208453184,-1.0004240253111099,0.25823367616319903,0.8664222293324414,-0.6794565155931012,-0.5200187990061598,0.9355238148167511,0.03536491098143096,-0.9448712307660679,0.4626219224484902,0.6891389592802064,-0.830023774335617,-0.22978450828264416,0.9488706024875877,-0.30076302920200093,-0.7709063111818751,0.7352769282117565,0.3430404685450901,-0.9263795993912792,0.19873553661526455,0.8014770920411399,-0.6697789053061726,-0.39633675963183823,0.9006998745661351,-0.14914964727385105,-0.8023542892024172,0.6362698509216348,0.4057491373171879,-0.8803421781291179,0.14233091516446722,0.7841732809306421,-0.6307955369599891,-0.3816705919530239,0.865829701476517,-0.1694168305029005,-0.7508134415997754,0.6468069176389,0.33041493102801894,-0.8536524676585922,0.2227259878708274,0.7024630852685854,-0.676806149785703,-0.25601524854933216,0.8384610296878577,-0.29527910034312593,-0.6376963252825348,0.7129611970895735,0.161678131449651,-0.8143383889997126,0.38022818863686675,0.5548680304515268,-0.7473869815676603,-0.050819204496158045,0.7756384212632944,-0.47046481904350734,-0.4530684772357503;
-2.013295720762537,-2.009706734418581,-1.9267132948140981,-1.5822246835106566,-0.8094647796678749,0.3238379198550267,1.3427263217122678,1.5299595678041331,0.5601174997639569,-0.8752680891748233,-1.3855930984568092,-0.33652434810063153,1.083284446092525,1.033424696881425,-0.4593439872100618,-1.225234420351293,-0.06561396707862181,1.1679052542294546,0.40217891404011696,-1.045680021619219,-0.5824688466975781,0.9460909177901239,0.654365102965809,-0.8979016071159034,-0.6501470283721261,0.9011334311305619,0.5845769447905961,-0.9418791988104116,-0.4612387719797069,0.9979637454453253,0.28021474549010417,-1.0411975404520717,-0.04536501226575132,1.0398382636073975,-0.22951423480650718,-0.9631448640868719,0.5167391978686017,0.7884557268226636,-0.774519165199433,-0.5097749152365797,0.9518706116934824,0.1454701843930163,-0.9990702331835164,0.25822927757675807,0.8822287040956047,-0.6311481609044951,-0.5983826120701049,0.8921803713070952,0.1858123748964764,-0.9701859007973317,0.27589938110557394,0.8279786308597092,-0.6795312146728388,-0.4816995614854196,0.9168618181060889,0.007150309330878064,-0.9122089399503199,0.472775515568335,0.6523077670825248,-0.8196318505071567,-0.2005634907470746,0.9225273471166336,-0.3130862160864151,-0.739037780996137,0.727786146882983,0.3179924825090973,-0.9039946431532789,0.2077855197355021,0.7750534947196589,-0.660837373819917,-0.37796100429162444,0.8799050119619554,-0.15167692379003175,-0.7811463637100619,0.6231586050734861,0.39535569048702784,-0.8597777497721693,0.13654824784207908,0.7682683510869466,-0.6122784082421272,-0.3801838974002339,0.8453304604410286,-0.15449504669335348,-0.7409148249323999,0.6228745545504007,0.3386500477027736,-0.8341333365452085,0.19857568752674395,0.6998295818235083,-0.6484816303231211,-0.2746458384653787,0.8217043294060448,-0.2625204617458541,-0.6439132876338199,0.68215980635824,0.19105244692470447,-0.8027375280758872,0.34024256046408613,0.5715409197123895,-0.7167810664161789,-0.09072376143703238;
0.5021171406107724,0.6411775336073267,1.01763661443303,1.4852065037937316,1.762484023184568,1.5054619842769683,0.5610454453774297,-0.7172734609586301,-1.4734065085109456,-0.9882436838280934,0.4177067314722851,1.3350980454567443,0.67454023231049,-0.8083531234831537,-1.1586580354816096,0.1488536782071344,1.194553832991404,0.340985989186452,-1.045680021619219,-0.632403852708094,0.8739747939529977,0.7794926387704211,-0.7487783580821548,-0.8359330310697181,0.6891809152690985,0.8342682965880415,-0.6921150434557155,-0.7875018585138113,0.7449287135658198,0.69586785230375,-0.8291949610338701,-0.553851409533939,0.9211186321735733,0.3567484702960752,-0.9918284606953688,-0.10675619171493247,1.0094690973284774,-0.18191515953316442,-0.9439965803282606,0.48011414973019234,0.774524696738257,-0.744580757755473,-0.497850046132029,0.9238202630207295,0.1356058909731899,-0.9691705618863719,0.26318957907455054,0.8493812244756678,-0.6270967387192636,-0.5649859323951718,0.8759687915680954,0.15733256902846968,-0.9417853732395689,0.2927664180157052,0.7916473969584537,-0.6796124629285595,-0.44545398475528075,0.8991529403640467,-0.019551846255569806,-0.8812224783832692,0.4824381669423403,0.6172903838865549,-0.8098801877185652,-0.1725736226874904,0.8975729841264768,-0.32526416758879056,-0.7085459892905785,0.7212229767305134,0.2935204024360079,-0.8830199209406211,0.2174507939532325,0.749610427215506,-0.6534253302170169,-0.3593799345021838,0.8606797767209945,-0.1557326005507098,-0.7605025358009431,0.6122404306645729,0.3838957390738415,-0.8408752174223227,0.1332247812843105,0.7523744491192166,-0.5965006556005839,-0.3766837676650052,0.8263583667024378,-0.14289145008186485,-0.730253863468614,0.6019788328670018,0.34385501190126433,-0.8156750997365252,0.17843956681333464,0.695415283297252,-0.6231374039255917,-0.28922209172553537,0.8051600684309778,-0.23420257608549694,-0.6471242938722452,0.6538487581564708,0.215449524047067,-0.7901226936209532,0.3047401742874168;
